684.08
57.47
54.48
20.95
27.94
46.01
17.87
40.24
19.51
16.37
14.11
21.27
15.28
19.00
12.45
20.37
10.75
9.67
10.59
7.64
7.44
9.99
7.36
11.05
6.22
7.49
5.83
7.68
6.21
18.06
5.13
8.26
4.92
8.35
4.32
6.81
4.73
8.00
4.98
5.42
3.42
6.81
3.24
10.24
3.68
5.84
3.50
18.60
3.43
5.38
2.58
6.32
3.98
7.93
2.82
3.45
2.54
5.63
2.66
5.19
2.24
5.84
2.35
4.74
2.08
5.66
2.41
7.64
3.16
5.25
2.12
5.49
1.94
4.50
1.98
3.93
1.93
4.80
1.96
4.47
1.89
4.61
1.85
3.30
1.83
3.56
1.82
4.89
1.94
5.22
1.71
3.54
1.65
11.67
1.61
1.99
1.65
3.71
1.60
4.25
1.53
5.82
1.53
4.84
1.47
5.19
1.45
4.91
3.72
4.60
1.61
9.39
1.46
3.56
1.38
2.59
1.34
1.93
1.32
3.25
1.31
5.27
1.27
10.07
1.26
8.22
1.25
4.04
1.20
5.24
1.18
4.87
1.16
6.71
1.15
6.55
1.79
5.86
1.50
5.67
1.15
5.32
1.12
5.70
1.10
6.66
1.10
7.36
1.16
4.49
1.09
9.11
1.07
6.80
1.07
4.93
1.06
9.92
1.05
12.35
1.04
8.85
1.06
7.11
1.03
9.40
1.04
10.14
1.03
6.49
1.04
8.01
1.02
13.31
1.03
7.19
1.02
8.33
